11.536771
12.044435
8.436614
11.012004
11.0629425
8.468726
13.917233
5.691204
12.188023
9.705623
12.124896
10.382495
8.116979
15.834282
9.750501
11.88116
8.237428
17.658485
8.954266
14.689853
12.415077
7.877853
8.955689
9.552598
11.292106
16.142164
16.470064
5.936732
8.356671
9.586343
8.719674
7.723917
10.0099
6.8629055
6.3033547
9.0237665
9.445161
8.89819
9.355473
10.946683
7.736736
10.849137
8.147012
7.043192
9.881499
11.315299
11.84179
9.163582
13.414943
9.394355
9.335895
8.220521
9.277741
7.161806
6.082647
7.749668
9.241349
8.891476
9.777321
6.3381
6.6204534
10.70823
6.7422123
9.557625
5.9792256
6.4936566
5.8766084
10.328231
7.7180157
12.055842
5.741608
7.3975787
8.48473
5.878301
6.882326
8.105916
7.879095
8.745722
8.673624
8.000863
11.816906
10.750271
9.024783
10.548443
6.57015
11.7897
7.129907
6.922182
6.166218
6.678167
11.6262665
8.832919
10.157413
8.69513
6.6079082
10.763753
9.5928
6.6287045
8.60865
10.057598
8.808145
10.770234
8.796953
9.411329
8.054465
9.378991
7.68297
8.765303
6.5328517
10.305892
8.46987
8.692681
12.150379
8.937751
6.8566875
9.429267
7.974037
11.5931425
12.213843
6.5308356
7.3824577
10.462573
10.463454
8.824571
10.6688795
6.304434
15.216298
8.066116
10.083272
8.7985735
8.926734
8.036685
8.048457
13.02298
9.51116
12.533002
7.2768707
8.766442
7.1976643
6.817287
10.363418
8.746594
10.977572
3.8663218
7.4482503
8.512794
11.55989
8.4177885
10.692706
8.395886
10.521709
9.776828
6.564217
5.970489
7.9218345
10.562055
8.305881
11.091029
8.433181
9.198415
9.846264
7.7055225
6.877683
9.146918
10.415761
8.516602
7.7314134
6.620241
8.459758
10.110871
9.0595455
6.9867363
7.8034616
6.0084624
6.417181
13.638092
7.9141965
6.2685413
7.233518
8.313451
7.5726953
11.253159
13.03675
5.2073483
6.198834
8.25995
5.737999
7.256128
10.196815
6.572321
7.815122
4.713049
7.9189
7.9004197
5.1184516
6.403438
7.949454
5.507015
5.0569057
10.924598
7.5057635
8.223136
4.6938787
6.9172597
5.6705585
7.4304676
7.6528373
5.1757884
6.3623624
5.2934513
8.742746
6.1849804
8.790215
8.479424
12.032691
10.124266
7.783318
7.8244567
10.949061
11.439064
10.044627
9.619335
13.5208025
9.741016
9.544551
9.71564
10.618251
11.648402
7.0196357
9.811427
8.4617815
8.994157
7.6923223
9.586124
10.526543
11.858101
6.3581347
7.4392395
9.483877
6.0942707
6.234888
9.562187
7.907142
9.837165
7.92844
7.822903
13.744236
8.763114
9.899122
8.970964
9.0120325
9.985421
9.379842
8.924842
9.512889
10.7157545
8.377454
8.425038
7.332159
6.742931
8.414477
7.457447
10.793681
5.676452
6.8611073
10.55269
7.7847705
7.898268
12.463471
11.321637
7.7529454
8.506551
8.448108
8.938173
6.640574
11.042504
11.041585
9.327465
8.250852
9.190094
7.7994227
6.80055
13.261139
9.735412
9.975575
9.545453
9.722764
7.30451
8.306485
8.711955
5.92238
9.9888525
7.1716924
11.382106
8.275373
6.9144998
9.678851
8.147633
7.3009915
8.855969
7.2692237
12.376119
9.577167
8.893918
6.671398
8.485724
8.202575
11.136322
11.01104
7.6727066
11.776119
10.584918
10.011019
9.6405525
11.67759
11.332433
6.239778
6.821726
7.5650077
6.960897
8.382823
9.769143
7.8508315
8.499495
9.859263
9.273967
10.163509
7.1800976
5.111844
6.7410126
8.20674
8.698599
10.422563
8.353982
10.319861
11.284843
7.531372
12.527919
9.71584
8.777775
9.184529
14.111698
7.4033794
12.6201935
7.4546485
7.878718
7.6541114
9.613777
11.872119
9.736051
9.83926
6.72505
7.323822
9.578056
8.582358
12.16388
6.658522
10.066182
6.386394
8.497741
10.975116
9.27021
9.132202
11.013527
5.8919597
8.80174
6.989755
7.8136024
5.846571
9.874126
9.059308
8.788894
8.118639
9.607499
8.997839
5.191705
11.337727
11.388133
9.670324
9.378839
7.3296986
8.035561
8.933747
10.587309
4.2522225
7.258497
10.239472
7.117108
10.524353
9.57016
11.559396
6.376209
6.833979
11.33731
7.8439407
6.9215674
8.570466
10.26084
7.8156395
7.699036
8.248174
8.325561
8.7582655
8.282614
7.566645
12.001358
6.0037684
8.664406
10.181466
8.685771
6.9656143
9.429613
6.6392655
6.6816826
6.349979
12.348771
9.14268
6.847149
7.656999
6.657621
11.345326
10.667412
8.02344
8.199895
5.3400626
6.6839576
8.842822
9.147553
11.330045
7.6611195
8.722685
9.655635
8.204545
8.945136
6.653869
8.487919
9.2981415
6.4403157
11.664791
12.283207
5.6957545
8.258843
5.0871406
7.467897
8.236209
8.662581
7.520008
8.339974
10.698199
6.4696126
7.1465755
7.1364307
7.5317264
11.490494
7.808741
7.7540536
9.141231
6.3667297
7.086634
9.2414465
7.7659492
7.815459
11.179974
8.635911
7.3076234
8.556775
9.593276
8.504071
5.2986045
8.39154
9.021118
5.811638
5.393786
7.3701477
6.8816695
4.4488444
5.6084933
9.891461
6.0708175
11.590528
7.057348
6.13854
5.93031
8.776147
8.796163
5.068979
13.391632
9.097334
9.080375
6.0570736
6.5109487
8.517686
8.235421
11.154548
4.418745
5.3892593
6.8016505
7.0397744
6.4434714
5.440563
7.3057837
11.0425
9.255609
7.783773
8.439824
8.089743
8.948598
9.394786
8.489837
8.700551
10.61987
8.969676
8.379006
8.410975
10.076644
5.6250725
10.703725
12.607933
13.948753
10.837445
5.8607497
9.785371
9.414566
8.9993
9.986047
6.7793393
4.8704576
8.975364
13.188923
12.239358
10.572297
10.713206
11.989581
9.658015
10.113829
9.264277
11.400628
7.5296283
10.009339
10.658436
11.345588
12.289288
6.5072074
10.313969
7.503372
8.657354
9.942713
10.690861
9.303243
5.5870214
8.899434
7.9136176
7.7164893
9.464947
7.1901727
8.342139
5.81692
11.664666
9.236962
10.0974865
11.62556
7.8720055
5.720522
9.031257
10.301921
6.646834
12.483398
7.680324
7.5274715
9.111279
8.854947
7.2571616
10.788409
10.328803
8.133416
7.357809
7.5983734
7.319917
8.132028
11.023658
10.663085
6.769487
6.6662827
10.181821
7.540441
9.996268
9.192412
9.126326
9.162631
9.411841
8.990982
9.080971
9.111835
11.072686
7.7272396
8.720727
5.476217
10.118567
9.825673
6.885263
7.4816184
10.834046
7.7383175
6.1866703
6.651198
8.763312
6.897431
11.508339
7.596186
13.620377
12.481087
8.387523
5.5711617
11.427471
8.3862
7.1306996
8.397553
6.8927903
9.884679
8.1958275
7.515159
9.123643
8.830218
9.826625
10.877252
7.6286902
9.404744
7.3854203
8.575881
10.403594
9.70947
8.676875
6.655777
6.741169
7.090544
7.1606197
6.166227
6.469137
8.142989
7.1624827
7.3166127
8.228795
6.8467345
9.912583
5.781555
8.044335
6.3241353
6.9080124
8.703826
9.208163
9.825503
7.774334
9.776217
7.174256
5.281841
7.277342
4.451709
4.911468
11.104796
5.954788
9.033888
5.496617
6.8183823
6.823521
8.206845
8.618268
8.21919
9.711492
8.904159
8.52963
6.51992
10.488158
10.525809
8.775595
8.212037
12.501761
6.4747887
8.181558
8.252708
11.079555
5.6570244
9.15001
6.708452
12.010396
8.599927
7.228207
6.723652
9.204301
7.5017304
5.172537
7.5425034
10.416221
10.628022
9.111403
8.4186125
9.703778
6.8052063
6.2995877
7.8035035
6.8882995
8.32811
8.302888
4.698058
6.2209067
9.1687765
5.762585
5.8591485
6.670633
5.194373
9.80037
6.788855
10.351734
6.617241
10.449265
11.260193
11.098011
5.316315
4.9085865
7.0408826
6.7369823
9.20799
6.483088
6.2828736
7.6035023
10.66457
8.650601
11.182212
5.456848
5.318913
5.2278705
5.8432612
6.3493524
7.9588165
6.882956
7.698836
6.6844077
7.5246735
8.712046
6.3294206
6.856432
8.914341
5.363049
6.199761
7.84195
6.5136466
7.1512856
9.614261
6.191588
10.999366
7.4969344
9.951163
5.4154606
7.351303
10.204097
5.4655404
7.659822
8.617316
7.4113765
8.867299
7.658049
11.168635
9.027812
10.103582
8.6895
9.269759
9.996156
8.7750025
7.09618
8.875449
10.534545
8.861123
6.230877
10.739224
8.779406
6.7603607
7.3904834
9.7693405
7.33246
5.5687327
7.3454165
8.381495
9.096015
6.978803
8.387175
6.991793
6.6736946
6.278774
7.019256
7.4982934
6.7539487
5.9299064
9.240373
11.445754
8.254165
8.346648
8.012977
6.6862454
9.662559
6.6972175
9.596818
5.9826922
11.330811
9.831887
12.70092
6.826805
10.089952
8.225753
7.923184
8.100843
7.1708446
8.966868
8.698993
9.040507
9.227936
8.194678
8.088913
11.600007
9.881388
8.998272
7.0761285
7.8193913
7.0914555
7.0416846
7.721374
7.3248844
9.671176
9.510245
8.3227625
7.2553487
8.132366
6.5743356
6.012901
9.621073
11.568051
5.6396503
7.8526497
5.6211724
8.472405
7.9946785
6.6018176
7.485146
6.4553547
6.9023547
9.092025
6.425764
12.0217705
10.841911
9.271778
8.3242655
7.9825745
8.637286
5.872621
10.189536
9.732942
8.457458
8.539052
6.418348
9.034821
9.800192
8.137803
7.345484
8.12573
7.3399377
7.0826774
7.906343
6.252459
10.303931
11.463222
6.0758286
8.2618475
8.288153
7.107151
12.091316
10.665994
7.9077716
8.291256
5.3083344
8.133986
5.9462514
7.6111083
6.738952
7.638393
9.878862
8.843843
7.204264
10.643614
6.040117
9.538181
9.323255
8.437949
5.9384236
9.229668
10.611768
7.4965987
5.921446
9.305909
9.529362
9.483518
8.181246
7.275936
7.658026
9.408906
6.6262226
9.545539
10.636506
8.453638
8.37168
12.601463
10.326787
5.642554
7.9430556
10.566193
10.608338
6.160773
6.66853
8.662049
9.335551
9.661518
9.185054
8.565755
12.639641
10.235077
13.535267
7.0813828
9.599727
7.123648
6.95085
7.6990714
10.117219
11.991191
7.9755
9.814767
12.330634
8.745765
9.065864
7.393722
11.389426
9.1947975
7.6630197
8.358003
5.9833236
8.220101
6.016289
8.529405
9.330496
9.207871
6.2580833
8.054579
9.840631
7.980512
9.500584
6.897345
10.014019
9.73124
9.4759
7.441801
9.0687275
8.349921
9.713463
7.9386296
7.889658
9.923917
7.416597
8.102227
9.195797
9.043934
8.243073
10.012666
7.5940585
7.960434
6.9255586
4.7591166
6.7898426
10.518929
6.073429
8.673723
6.5350814
13.011868
6.4016995
8.47787
8.045976
7.4361935
10.017944
8.148955
7.033501
10.301758
11.179164
7.016333
6.8854423
10.824651
7.9801917
10.237188
8.376235
10.072988
6.116964
8.895937
6.94726
9.42387
8.545852
9.256882
7.2839904
8.81742
11.363789
10.1748905
8.056096
6.90323
7.1579156
7.714878
9.39309
8.900508
9.048587
10.471305
10.406096
7.2381034
6.3933296
12.1543455
10.513451
11.709274
7.941725
9.342358
7.5374103
8.759452
9.282902
14.68344
8.989815
7.4563603
8.295211
7.485722
11.648293
8.312251
8.727826
8.480306
10.121318
9.5406065
5.88554
8.171821
11.53752
6.880682
8.2121935
7.7917047
10.822491
7.1461926
9.706092
9.96134
8.823283
9.46545
6.9718804
6.025247
9.697451
5.715757
7.9127135
8.536706
8.911666
9.736692
7.813931
8.375458
6.7837653
8.276225
6.2706566
9.781968
9.185347
4.9823976
6.0339446
6.7868886
6.821211
7.908797
7.1148067
10.402894
7.625915
9.288236
8.619196
5.7145686
6.9931026
8.753683
7.9017406
7.9300275
8.65721
9.676094
6.3415275
8.821894
7.1843567
9.757106
13.360986
4.9027658
7.6428666
8.967095
5.5406804
8.643901
6.200043
6.518328
9.870227
6.8079586
8.810531
9.5473795
7.1195126
8.800673
12.340852
10.116033
7.971264
9.809285
7.0384526
7.666853
11.022794
8.27404
5.766475
9.764129
7.6233783
9.3802595
10.506832
9.380029
9.810447
8.119947
7.180288
7.6142545
11.734523
5.790209
6.724836
6.5308986
9.858832
8.635713
6.7382812
5.3194265
7.8386006
7.4458547
10.038302
7.400392
7.8837457
8.267286
7.1908555
6.015222
8.717702
6.270166
9.6937685
10.57111
8.937611
10.491603
9.235013
9.86674
8.0281315
8.957557
7.999412
8.489745
9.798963
8.876822
7.1390567
5.79867
7.652492
7.629797
11.149014
13.150378
7.589399
13.068778
13.788231
7.559279
6.380846
7.906883
7.8712068
7.444033
6.7152076
7.071606
8.676721
6.4777894
6.1908765
6.865904
5.488733
10.173981
7.3672123
7.5172057
9.807436
7.383999
7.831341
10.593717
10.759868
6.322418
9.102365
7.932529
6.9268227
9.30809
6.1104164
7.5896373
10.707166
7.9053082
7.832228
7.9038806
7.7719035
5.9230423
8.187718
8.481467
11.941678
9.010044
7.419926
7.8194623
8.904508
5.8310895
9.371444
8.611314
11.810039
7.878734
4.778953
7.3651505
7.662142
10.24451
7.6820455
7.628
7.7567806
7.5613236
10.222779
7.997359
11.853626
7.243706
7.3914227
5.7469172
8.978625
9.139922
6.049057
9.443783
7.577164
13.129519
8.436958
8.473958
9.168063
7.3083224
6.8102736
6.6760736
7.0448546
10.268542
7.1488147
10.943273
11.57566
9.545912
5.7899284
5.89448
6.020365
9.631409
8.7340145
8.146554
9.478675
7.695318
7.278318
10.172851
8.976199
5.2510667
8.574363
6.861531
10.41399
7.8577323
7.871817
8.850561
5.713076
7.046676
10.169881
9.125247
9.219953
7.382906
13.780614
9.234705
11.8930235
6.225573
10.1494465
8.985175
7.690445
9.473254
12.467111
13.2578125
9.900157
9.242279
8.853118
8.158908
11.277531
9.823709
7.399385
9.683099
8.811962
8.712166
10.168714
7.7943954
13.711667
11.9007635
11.164456
9.314918
7.9388256
9.171443
7.785396
10.180179
9.357439
7.5027905
7.3689137
9.617835
10.672501
9.511945
9.491715
7.481951
10.684491
7.42125
8.913288
10.7647085
7.520052
9.780156
8.306333
7.5136447
8.905649
7.598952
7.006202
6.4013233
10.374718
9.55456
10.965717
7.565256
7.6173196
12.147752
9.808574
8.970892
9.78724
6.925209
8.193215
8.042933
6.7114224
7.61227
4.7110868
6.5960426
8.239793
11.290149
8.32116
8.420675
5.8249893
5.620922
6.459642
6.7619176
7.436638
6.356418
7.3183002
10.3442335
9.686719
9.115473
6.826584
5.542229
8.997752
7.907549
7.488355
9.194623
7.2132974
7.6737194
7.395539
8.8680725
7.4770265
10.483654
13.048955
7.9518223
10.807705
9.014428
8.791245
10.39229
8.680956
7.8721375
8.060097
6.0376306
8.559903
15.224183
12.791916
8.181889
10.136667
6.9783454
8.942792
10.481904
9.436804
5.421583
5.7232766
4.9137063
8.23104
10.127898
8.882585
9.198639
9.955152
8.266525
5.9670186
7.146855
13.310913
5.665728
9.597504
7.12747
8.34287
7.98535
8.79064
9.146155
8.108758
6.8183002
7.709711
8.617845
11.87272
9.030425
6.420635
7.436173
6.1575584
6.4444537
5.1397614
11.1643305
4.948849
7.207197
7.176714
6.2561316
6.741675
6.939859
6.6243
8.6899805
6.330635
5.2369847
13.670459
6.269074
9.465228
8.603818
8.69166
8.063273
7.1212845
8.47565
6.616751
8.140117
6.378325
8.629491
7.160559
10.331562
4.8986735
6.460109
8.672503
8.625079
9.226888
6.5233817
11.2938385
9.11105
6.4430184
8.021918
6.530346
8.382566
6.529739
9.293361
8.967415
6.643864
7.7193637
9.406711
7.625582
8.480743
7.9155946
11.170322
7.407388
6.755263
10.265794
12.733003
8.90647
10.090371
8.0106125
8.262546
10.850446
8.479698
7.743244
7.560426
6.405184
5.6517816
8.589091
8.351758
8.31615
9.141898
14.774753
7.526968
8.905421
9.096343
6.404249
6.7703176
6.6858044
6.2801805
9.126748
8.028104
7.704101
8.6938925
7.1131
8.554858
6.9006248
5.7567277
9.714196
6.8387675
9.197643
4.7676396
8.064313
10.463365
7.006128
9.613698
9.003746
8.116183
6.16906
8.837999
5.868171
7.8968277
6.9385962
4.555777
6.2997737
4.7329793
9.405426
9.630296
8.713155
11.682758
9.675314
13.863422
8.243563
11.411771
6.8151836
8.972362
6.418825
6.1048503
9.210984
8.911064
8.236646
8.367402
7.6369157
6.9098687
8.775599
7.489502
8.594082
10.680973
7.461783
8.303231
10.570224
7.9473186
9.072719
9.676723
8.983513
8.103469
6.7052674
8.011377
9.607241
6.757946
8.383112
9.8721285
9.419581
6.485067
10.237317
7.6843305
9.308356
4.524162
7.9175906
10.096038
7.4117866
8.323073
5.5100036
7.176253
6.884468
6.4809303
9.89031
6.333549
5.193026
5.8180013
5.3948655
10.005336
9.188441
7.001966
9.029799
9.051267
6.0925446
8.787661
12.149301
10.9228325
10.024314
7.344872
8.225932
6.4888015
6.805649
8.062362
8.054368
6.1506696
7.345329
5.361599
5.835686
7.548849
7.678766
6.6718693
7.409984
6.0529766
6.0643754
7.261395
3.6354773
7.348036
7.973259
5.51734
8.762529
9.7181835
10.61757
8.009297
7.6358476
9.955502
6.3104005
9.752435
8.466191
5.6830635
9.275597
7.810472
4.7549653
9.560036
6.745608
6.167004
9.960824
8.683969
8.690268
7.9313374
11.904126
9.374122
5.6937733
8.671899
5.4859986
7.525869
5.751333
8.396249
9.630604
7.8725395
11.241862
5.2600226
7.617865
7.333214
8.051421
10.283356
6.6757655
6.128774
5.7434535
8.275505
5.7583733
8.357517
7.928431
6.710211
7.225969
9.285796
11.128277
5.9226365
5.031846
4.6882396
6.4879227
6.553182
5.9859486
7.380329
9.469323
5.733879
7.555788
11.399596
6.0219264
10.355948
7.7586513
11.52934
7.855412
7.4654903
7.1311336
10.461136
9.804643
9.531535
6.5483727
8.232663
9.190291
12.175499
7.225638
8.472839
8.399526
7.6970887
14.429089
10.389205
8.823399
5.2024803
5.9869695
5.958462
6.248503
13.203781
5.9431686
11.432511
7.061662
9.65546
5.5788856
9.485353
5.103328
8.7922325
7.6700873
6.559035
6.4644947
5.504307
8.7507
5.9637527
8.955224
9.117122
7.4075055
9.94266
6.0092635
8.362365
11.097625
8.044548
6.5097547
7.931399
8.801522
8.192744
5.425695
5.9975543
8.62095
9.097772
6.2501945
7.86848
8.902938
7.25918
12.247214
7.2231064
6.9482837
9.402519
8.901098
7.6419644
8.005573
5.5193114
10.4967165
6.2910438
3.6442997
10.415183
9.830532
6.1515822
9.638284
6.5850472
9.470365
9.570213
6.7798405
11.476207
10.36815
8.485535
9.939651
6.4126377
10.869325
7.0337296
12.865703
4.896983
8.749787
5.434116
8.932258
9.867232
9.3546
5.3712916
6.4122605
7.739428
10.024799
10.2043705
7.316927
7.529108
8.952735
6.920059
8.215194
8.498309
6.5941787
7.034849
10.6748
5.8976665
10.60672
8.245134
8.028289
11.457703
7.3217406
9.948652
5.9433904
6.504459
6.9077897
8.6932335
6.337115
6.302631
10.495007
9.288376
7.8535323
7.459521
11.649793
7.32287
5.403183
7.225378
7.6839356
6.0870247
6.024901
7.7526116
8.497478
5.7545857
7.6626744
9.781151
7.1521564
9.54235
8.663833
6.939962
10.269784
6.690683
8.974445
7.6475196
9.917417
7.4162335
9.284043
10.578039
8.729748
9.323022
6.9659
9.453916
9.59938
7.323503
8.135772
9.364311
7.129572
10.540061
7.6329494
8.732232
8.072982
8.065355
9.399684
11.427405
8.809007
7.0962853
7.852465
7.4602394
9.566856
10.038655
7.169375
6.736511
9.951254
7.990558
10.458409
11.505633
8.310418
9.943034
5.323394
12.044297
7.7544627
9.584144
12.344119
7.2451153
6.69701
10.812954
6.4420266
6.286714
8.24466
6.51588
8.312963
7.887617
7.3684425
6.2507744
8.10615
8.840298
5.308657
5.1669736
6.061276
6.168697
11.897228
8.119193
9.4311285
7.5778413
8.413845
7.9001107
6.424498
6.5975056
8.948708
9.660189
8.942954
6.9012628
10.442491
6.935555
8.94921
8.797038
9.648263
8.599999
8.079484
7.033577
11.020801
6.057421
8.100575
11.921109
6.607271
6.612744
12.087419
6.3262677
4.46294
6.4281983
9.992827
9.379088
5.5204034
8.430107
10.176236
10.399183
7.6872296
9.391337
6.996613
9.8481655
9.957102
13.718839
10.599723
8.079814
7.5756135
10.084845
9.249035
9.694064
10.717299
9.62362
5.7954907
7.983703
9.476732
10.900279
7.9078083
6.3957133
5.8527007
8.47021
6.4837112
6.372439
8.974233
10.18374
9.927428
7.372535
9.100197
10.669955
5.918055
8.4400015
8.858614
7.366986
7.691361
6.6418223
7.3195
7.92574
7.5756774
7.359045
6.2892747
4.395478
11.28456
7.2290683
7.7346807
10.593278
7.249786
9.911514
9.036405
10.339435
7.5262904
7.9039783
6.8555164
6.0931315
5.60971
5.4965286
9.430344
9.32919
8.394137
8.873193
6.8228283
10.365588
7.94368
7.261433
4.4104133
5.427096
8.630749
6.896126
7.681606
5.5774646
7.79739
4.916737
9.915408
6.394423
9.801616
7.1051927
8.356795
9.365096
8.021165
8.006238
7.993318
5.786384
10.230852
7.24987
7.909617
8.400621
8.973725
7.1453958
11.781793
8.117915
6.9397144
5.9671836
5.572693
7.9500833
5.987005
8.109453
7.442919
8.70186
6.972194
6.021834
10.606096
7.1618075
11.097091
8.551377
9.130387
8.312993
8.577394
10.283382
9.591781
8.903413
10.350321
8.1381
11.245201
10.049959
8.728513
9.381963
7.9928384
10.607056
9.736344
7.7055287
7.9151063
9.889095
5.2615952
6.537649
11.519021
9.384281
9.276944
8.986729
8.833236
6.563213
8.752986
9.9435835
8.217805
10.021235
9.011367
5.831915
10.354873
7.1030736
11.374718
8.655258
9.1740465
9.66548
7.5305324
8.260365
7.4882503
9.605789
7.793548
8.199971
9.319326
6.1145835
8.7409315
6.117128
9.943564
8.438763
13.002785
8.274562
7.277933
7.996828
9.107015
7.101494
7.449433
6.592735
9.006259
8.817059
8.729978
8.202166
7.8328986
5.7913785
4.181075
8.477249
10.521543
7.052693
5.7149186
8.105622
7.140814
5.9602547
10.743202
6.0179315
9.775804
7.1733804
9.889501
5.84914
5.141783
7.212649
6.5618606
6.3804626
6.4333057
7.1619835
6.027303
6.9882445
7.35747
8.7417345
8.850722
8.428228
9.68597
6.5397797
5.559439
8.007159
6.7490363
5.9050636
6.299974
7.42284
7.316601
4.561456
5.769934
6.120195
6.492452
7.654009
9.109246
8.835047
8.919709
6.1181927
6.4331536
7.05988
10.876302
7.0976844
6.2448134
5.444385
11.973172
8.145485
5.0448728
6.531615
8.365022
9.652002
9.706689
10.5618
8.081085
10.193071
7.867265
8.9978285
9.408118
10.57749
7.695604
7.349766
7.348353
6.26638
10.724293
7.6587186
11.663409
7.4189963
7.0030403
7.091284
7.3677306
5.98011
7.794558
8.099109
6.5879974
7.295219
8.971811
7.4513326
8.2543745
9.629099
6.1959434
6.535455
7.3655944
8.869766
9.682016
9.42574
8.722126
7.2311573
10.665729
7.3105702
7.6679587
6.6199074
10.3395195
8.974572
5.346533
5.4844995
7.6250834
5.7965646
7.8268323
7.0226703
7.857496
6.8977246
6.660673
8.246846
5.941151
10.495174
10.16348
8.259401
7.5919266
7.435726
7.7426887
7.46911
10.943257
6.9385543
9.585244
6.753546
7.4853396
8.187072
4.773298
6.753676
7.013143
8.714437
9.514034
9.517051
7.479279
11.585809
5.569077
9.821197
8.421607
8.569618
7.7101855
9.778745
7.913086
7.836443
9.812004
9.221932
8.169818
10.191316
13.509017
10.300978
8.982466
6.1655574
6.656765
10.362867
6.421635
10.231576
6.6275125
6.7733502
5.1866174
12.859326
8.269237
9.421379
5.84397
8.860023
5.813725
7.465612
6.371596
6.6590657
7.721842
6.861485
7.2421737
6.16042
8.681446
9.032154
5.6092873
10.202893
8.040654
5.5753765
7.3267064
8.832322
6.782757
6.254375
6.0851083
5.3593316
7.8332143
7.105161
6.857368
3.9404528
5.524773
4.9790287
7.027838
8.469686
6.2624736
7.9649773
4.2194333
6.8910556
3.7252712
9.931887
6.798471
5.757149
4.3848863
6.286659
6.2303753
5.829123
7.872593
6.435253
6.86651
7.5245266
6.18877
8.304507
6.8316536
7.4851785
8.29831
9.239633
7.890259
6.4605746
7.076193
6.8847175
8.654691
7.3921685
7.1554008
9.506635
6.2734566
8.147964
7.9589763
9.269597
7.6019783
7.5387683
10.828481
10.9355345
7.274525
7.7233863
10.50247
8.567955
10.248772
7.424647
8.619596
7.326868
6.2870674
9.456675
7.716231
7.653375
6.4274483
7.1284904
6.320412
6.3123384
9.016468
7.4768925
8.387318
8.947175
6.858413
7.7267013
7.7437882
7.5057755
8.944487
9.785948
6.973688
11.596248
10.886785
8.34215
7.26651
11.55614
6.047819
9.583438
8.873576
6.661962
7.658509
7.270824
7.0288467
7.7220325
5.4756207
7.082458
5.436464
6.402579
6.047085
5.295065
7.5020733
4.1828837
5.6976314
7.5956607
6.094897
7.2540073
7.25236
7.3008695
7.5690084
5.212521
5.551306
6.7484145
8.341854
6.388723
2.9121315
8.100369
7.9455338
6.0446677
9.027578
6.50568
5.421759
4.2850723
7.2282577
7.3203816
10.976238
6.814935
5.9862595
8.742352
6.60965
8.387437
8.503102
7.1288033
8.590546
6.781306
8.949272
10.622162
6.083374
8.303926
7.369354
8.643012
4.37386
6.11199
8.744437
8.859277
6.069641
7.9867873
7.779648
6.5972056
11.124743
7.722328
8.187438
8.793162
7.39891
6.312481
11.3691
5.8555355
6.3392835
6.4249134
6.3242965
7.905102
6.492287
5.6656966
11.23083
7.5650735
5.9987183
7.513867
8.029678
6.425388
7.7578773
6.080969
8.011303
11.585907
12.7596445
9.81734
10.713203
8.401589
7.4938393
7.932335
8.480234
8.748946
10.721024
9.143495
8.176658
6.7594814
9.519305
9.593606
8.865759
8.214678
10.112376
8.306663
10.213736
8.055611
7.9301186
9.68185
7.6369514
8.028016
9.856442
8.474818
6.7235303
7.355654
7.691356
5.5066605
9.272023
5.9377823
10.894183
3.591727
9.973485
9.229863
12.600399
9.118138
7.197802
5.7037787
8.5974655
7.968185
5.9388366
6.8063455
8.853256
7.3894634
8.486377
9.950181
10.733227
8.604043
8.504046
9.785802
7.4803524
6.685308
6.4289784
8.747116
9.11314
8.36048
6.9280314
9.461832
9.254289
7.9606094
8.240458
8.217208
7.1214905
10.249496
10.37876
9.418908
9.290408
8.97193
7.252601
5.831597
10.10929
6.4266515
9.165069
9.124284
8.403939
8.6867075
13.038773
8.722092
8.677716
7.8566556
5.8748794
4.6143045
7.5158935
10.059654
5.9888706
10.240846
5.9342875
11.641707
8.873009
10.637382
8.142701
6.870992
11.325047
7.152363
7.3998146
5.947149
6.3317266
11.185407
6.79772
8.403079
8.816516
6.625004
7.7434688
7.469171
7.479088
7.6849427
7.9677453
9.710738
6.62599
8.375744
5.838968
7.145082
5.7878246
8.640398
7.354622
6.6393948
6.3458405
9.145423
7.08855
11.74532
11.816049
5.6457553
6.5342083
9.27736
9.607071
7.042349
6.5237904
10.597747
9.593608
8.145604
10.091385
11.808463
10.708644
6.3444295
9.508396
9.457885
7.3185177
5.7876987
7.9102674
6.905464
9.227342
6.3805737
10.264666
7.299132
5.509332
8.553491
6.2596726
9.211864
9.604352
8.992187
9.081952
7.0999928
7.6995106
5.540376
8.642482
10.104249
9.057458
9.333288
8.012504
8.1526
10.101667
7.278885
8.64969
10.186519
8.907752
6.8522515
7.23667
9.971021
7.851338
8.058614
7.5782495
8.248485
7.978415
5.945494
8.42253
8.274522
8.98126
7.4291706
7.330169
6.435262
7.8975387
7.424515
8.511515
7.091723
8.49739
6.6526704
12.441192
5.531674
8.742477
7.736421
10.715442
8.913925
8.230681
8.536472
10.159414
5.6421227
11.25071
6.650547
11.867484
7.5563455
10.386131
9.383107
10.246209
10.224177
8.369764
8.920449
8.29344
6.7427993
6.8032537
9.172066
9.37366
7.7030067
7.5892653
9.192185
10.419578
3.9489672
7.6679287
14.377326
10.168653
11.01238
7.638125
10.572625
7.9033713
9.339396
8.359822
8.416006
10.664251
10.2431
7.1009502
10.039767
9.037765
11.787892
7.8749924
9.45773
10.416635
4.775276
10.451571
7.8132253
8.799394
7.717397
11.044885
8.038487
8.155671
6.1151104
9.481275
9.754001
6.2697854
6.2365055
6.9258633
8.056769
8.833825
8.589339
6.2028813
6.771377
8.935456
8.082461
10.222253
11.945136
8.50743
9.28461
9.0773325
5.838201
9.874123
9.919946
10.208682
9.689948
11.036056
6.6601524
9.609021
8.637054
7.4541116
8.768635
8.195437
7.98253
5.023894
7.5063252
9.895125
9.682121
10.085372
10.449099
7.219086
7.2143044
4.857942
4.860085
9.629085
7.6652923
7.0920753
8.303893
7.645643
10.318767
10.707169
9.968372
11.429906
7.1174016
5.012896
9.360082
7.06136
7.429756
10.0455475
6.065367
9.452798
7.416409
8.304063
7.285139
7.687424
13.546975
7.333531
9.170113
7.579181
8.753709
9.850911
10.061573
12.134475
8.284547
9.653007
7.9146104
8.707133
7.4765334
7.203205
9.330984
7.4341583
8.036738
4.9722695
7.806213
8.081331
6.351257
8.329339
11.409129
7.74909
9.245782
7.490626
7.728933
9.822864
7.016106
6.524051
9.707457
7.761778
7.115133
7.228066
7.2740703
5.9982758
6.8331027
5.781384
7.8765926
8.449954
7.0846257
8.7372
7.0271277
6.9312897
7.1530704
5.267986
8.493214
9.521516
6.4588504
8.570693
7.1327195
4.1689343
9.873758
6.2073464
9.200566
8.174628
5.766033
7.770632
6.70508
10.415753
8.232551
7.5795856
6.9478164
7.6057854
7.393982
8.058391
7.103451
6.405995
10.40795
11.140099
8.565342
7.1016326
6.5826983
6.134724
7.7261033
9.185858
8.900924
10.44221
6.7528386
7.1379128
6.5345845
7.616152
8.329792
6.0057945
7.4926414
7.0039287
8.805854
11.712575
8.790166
9.155057
4.5579963
8.34319
7.876993
7.669168
7.5730777
6.7655663
8.014812
7.501477
9.909051
8.05946
10.256343
7.884377
12.483607
6.6074734
9.888133
8.14623
6.896139
8.666368
6.5160737
5.5379977
9.769226
9.308858
6.3424354
6.465496
8.120098
6.1956487
6.168776
6.638616
9.155005
9.60218
9.105697
6.887802
8.546624
13.506448
10.756913
8.359805
12.564823
9.1283655
9.767733
6.4312897
7.1984706
9.114096
5.1084805
7.389162
10.986912
8.317131
8.637085
8.065505
9.832955
7.275354
8.320094
10.865302
7.943699
9.073169
8.724814
7.0915627
9.796657
6.946017
9.208838
13.440613
8.534277
10.0337515
6.041368
5.611233
8.913499
5.953171
8.639576
9.326667
6.8576665
6.1790776
7.367328
8.760436
8.649926
8.375356
8.590609
9.058854
11.970342
10.073831
9.227731
6.4168096
7.6357837
11.290496
9.157455
6.4677715
11.073867
9.82495
6.497528
7.595629
7.334703
8.597165
6.978561
11.393715
10.3705435
10.214883
4.834603
9.955155
9.405988
5.2059326
11.947869
6.7085304
6.623237
7.9339614
8.163001
5.932976
5.680837
11.045146
6.998281
7.792788
8.526544
7.640715
6.9381776
4.616957
8.693251
5.716894
6.820347
6.4350905
10.73817
9.158038
7.997909
9.249
4.983089
5.8756356
7.9023585
9.473376
7.3183684
10.126397
9.706965
9.735368
6.693716
7.222902
9.077512
10.614593
9.235539
5.698448
7.4262853
5.5818825
8.224704
7.935171
6.619074
7.671716
6.5503693
5.7408023
8.776973
5.9202104
7.888763
7.075606
8.902101
5.4164615
7.492313
6.672247
11.385146
7.184946
7.9239807
7.4494357
7.1901894
6.480263
6.815655
6.2635365
7.488689
7.5081296
7.8017535
7.4679637
6.6388288
4.425402
8.823395
4.722997
8.376646
10.681942
6.164346
4.954001
8.822667
6.531201
8.202779
8.989179
7.218271
6.2808824
8.008363
11.730605
9.380875
12.77558
8.996823
6.685081
9.541438
7.1303043
10.280977
6.328195
6.8886395
7.4403777
8.622365
9.1086235
7.8196583
9.625031
8.419921
6.669609
9.71968
9.236039
5.3722196
6.3991323
9.305357
7.7553754
6.141997
9.817112
11.130417
8.083443
9.711577
6.1107135
7.7801185
8.272792
7.734445
9.607076
8.656611
12.931296
5.086797
7.023599
9.252177
6.7753415
6.4434414
6.574015
12.674848
7.814736
8.122839
7.180678
11.026973
6.596369
9.124957
10.962867
8.769493
7.481373
7.0217686
7.104597
6.688192
10.444835
6.9273305
6.731054
6.1261544
7.7846627
6.8313394
7.5214953
10.72256
9.0745535
9.9906645
8.509805
7.3508058
8.944319
11.651356
7.2038064
8.036121
9.860896
9.445407
9.823272
11.342986
8.963905
7.2066517
7.8268394
8.4901495
13.517686
8.454869
5.5782857
10.02365
11.649455
8.463782
10.899097
9.655953
6.31132
10.080081
8.704342
7.3207088
9.911058
7.7198544
10.4289665
9.995486
9.496259
8.746933
8.8863325
7.9894547
10.451537
5.103516
8.166129
8.42185
7.725559
9.120379
6.12363
8.819095
10.608727
8.468181
7.5854726
4.4899826
8.7556505
7.798734
6.343558
5.392416
6.973873
9.414945
10.523948
7.987491
6.776687
7.9633555
5.878402
5.461176
8.684735
8.874877
7.7799973
7.499682
6.705627
10.014044
9.404263
6.1508484
11.247321
10.765405
7.5998864
6.9121137
8.668841
10.962163
6.423573
5.166206
6.835071
9.227476
5.6232967
7.5941567
9.655412
7.977553
5.5180078
11.195437
11.046681
5.581083
5.947497
7.0732822
7.6174293
6.790865
6.4410586
6.918474
7.8274827
5.254812
8.291634
11.957822
9.673184
6.736796
7.183531
5.2384615
6.309135
9.658795
8.480865
9.69642
7.8104596
7.708282
9.257207
7.056216
7.615828
8.330471
10.006584
5.431866
11.888297
8.899953
8.641306
8.50167
6.380279
7.5706744
8.250657
9.399483
7.1679845
9.6207
10.148608
8.588398
10.127271
8.248851
11.303044
9.36053
10.521908
10.275574
9.335861
8.946041
7.186836
6.115742
8.9509735
9.042817
7.5490746
8.660811
7.652672
6.441387
10.34871
5.8430705
9.590554
7.871752
7.118502
6.931719
8.377461
10.019885
5.858681
9.459168
8.2161455
6.3454037
7.4493065
9.683373
7.4092746
6.812365
6.7423778
8.070637
8.950326
6.7545915
6.513174
6.950562
8.31836
9.078374
8.126233
11.272265
10.1746855
7.8104615
7.9098907
6.554895
5.591903
7.865151
9.457479
6.4467297
6.794871
8.390563
9.679147
7.3898582
9.722234
7.271541
8.22348
9.707845
10.36551
5.815836
7.1396255
7.3758564
5.969973
5.855097
6.6416173
6.785343
9.877599
8.196796
10.066607
7.406298
8.364956
6.4457035
8.37468
7.544478
5.658257
6.426867
8.207585
7.560455
5.839297
11.517055
6.7494235
7.1912227
9.683985
10.986202
6.302349
9.147948
7.6108756
8.582236
9.308753
6.8795733
10.666833
6.892877
6.4744816
8.330654
6.7557335
6.279075
6.123272
7.8787713
9.0881195
7.179074
4.8666005
4.9576383
9.274476
8.104269
9.248751
9.277553
7.5319614
8.910838
8.614002
7.96249
8.257168
8.025578
8.56375
9.066154
7.2842155
5.9225564
7.3491807
7.5994706
8.936421
8.973112
8.028287
10.525821
7.2659774
9.221555
8.298161
5.5548615
9.85362
10.306388
7.9242673
6.6146927
8.32979
7.250156
6.372089
8.440757
6.9569397
8.736039
9.407762
11.129466
9.314609
7.511063
9.682573
9.727168
8.757506
7.459352
7.8160496
8.228505
10.140059
7.201025
9.483776
8.298078
9.720757
6.07352
5.589512
7.1167674
6.6332603
8.404624
5.946647
8.962476
8.60658
9.369033
5.6748257
8.53748
6.019764
12.522575
8.592673
9.3819685
9.530444
7.014118
10.810893
5.931558
7.5504766
12.198581
9.166262
6.8046556
7.6428313
8.232467
9.30384
9.549085
8.482744
5.6781
7.9406686
8.406264
9.182829
8.087799
7.5912385
8.988772
12.272872
7.473614
7.402321
8.241977
9.122241
5.873669
8.822392
10.497962
6.5345387
9.011841
6.0030518
8.999598
8.715615
9.969329
8.875709
6.2601542
7.2680306
7.4402785
8.281577
7.6521072
5.6089387
5.106856
5.6320343
7.7535443
7.410147
5.9681983
6.4610214
7.496391
6.8994803
7.7868466
6.227346
6.629421
9.806657
5.32485
5.729557
5.7827263
11.007222
7.4800334
6.3085313
8.079824
11.37868
6.5986276
6.2293224
7.1839976
6.6528244
10.545495
7.0581994
11.990903
10.376666
5.3579288
9.853528
8.159317
8.883882
7.4883704
4.25098
8.902436
9.849629
6.8452477
8.676977
7.8609376
7.477577
11.735977
9.973013
10.229426
7.090306
12.008103
11.595807
6.5102696
12.91388
7.280562
9.922447
8.514545
8.478009
6.4719367
9.675468
7.1892776
8.399636
6.899456
10.522255
9.333375
9.000182
6.8785934
7.625262
8.235223
5.769226
6.613426
6.8107057
8.910817
8.659684
11.506764
6.887339
5.8765845
7.4498577
9.762237
7.1639295
8.1800585
5.1498456
8.97087
7.27841
9.44435
7.2246118
8.478509
6.092463
6.2969527
12.659383
10.150852
8.257386
5.2193265
7.601992
7.124653
6.723425
4.863298
7.2467923
7.5477524
6.345555
6.961298
4.7798905
5.7704997
9.538463
12.508434
9.413724
9.833455
6.6224957
12.6777
10.368304
5.2786007
9.2688875
9.422942
9.053287
8.145511
12.857597
8.300648
9.795907
4.597147
7.1167736
9.693973
7.7302575
6.775553
10.351009
4.525786
12.552274
5.6252456
7.7172832
8.271591
7.763796
7.5502567
9.784354
6.5537505
9.721299
9.308961
7.423954
10.620675
11.296872
6.2747226
6.4951196
6.4963374
7.7003365
8.6197
8.748286
7.0543847
9.586795
7.543958
7.318292
8.553256
11.519084
10.695099
7.3100815
8.502785
5.348833
6.606886
6.864199
4.2824664
7.8783536
6.670049
9.591685
5.430959
5.935166
7.274668
10.84124
10.312724
7.618729
7.7456536
6.0485263
9.161398
8.473327
9.460212
7.2933965
8.545732
4.7239923
8.665509
8.704208
9.53909
8.474395
6.682059
8.853063
5.2351165
7.480568
5.613341
8.836669
7.4935284
9.775286
5.548622
7.4339395
9.114209
8.702678
10.040002
8.047158
8.1156
9.3850155
7.9858403
8.085855
9.078918
5.0300145
6.7864385
7.7446313
8.532706
7.184374
9.1677885
6.1450515
8.49645
7.3728642
10.098771
9.051854
10.437447
5.55043
9.082467
7.454216
12.130168
8.927881
9.18953
5.14916
7.055432
10.799399
7.3236833
8.776708
7.341343
8.272525
8.396826
10.566367
10.05866
6.487328
7.1526704
6.027082
10.970557
8.798183
7.7626386
7.127485
5.30325
7.1702805
7.4608154
9.127807
9.192475
8.024859
6.1440578
7.448603
7.672545
13.370868
9.180638
10.910077
10.715209
8.545169
6.779026
7.3796353
9.571294
8.774365
8.97026
9.866859
5.9895935
6.8684897
7.9128776
6.2010245
9.416566
5.71209
8.869549
5.2198834
5.8364873
7.9689193
7.4889674
8.44801
8.939037
6.665034
8.855419
9.173395
8.695399
10.910762
10.90684
9.19518
9.647414
7.337477
6.0197825
4.890688
8.625042
5.205029
5.344477
8.044655
7.5365143
7.775146
7.383015
6.554432
8.666792
7.7123685
6.753105
10.210063
11.521347
11.108729
8.639453
8.943082
6.9656596
5.609183
7.737948
8.129241
9.760889
8.92998
12.471248
8.053433
9.718162
6.521782
6.7770767
10.415584
8.177198
6.529099
10.92157
8.995183
8.556857
11.273094
7.5216956
9.067682
5.5100765
9.799832
8.850037
8.912845
7.448874
8.272357
8.233213
8.795356
8.0737505
13.27572
8.430767
9.866399
9.038104
7.0484834
8.929821
9.370679
10.77039
6.541282
9.545021
7.0447526
7.140269
6.773848
9.668248
8.939267
8.257333
8.249442
8.209798
6.9655366
5.55553
8.880033
7.919291
7.707396
8.237845
5.468025
7.2754154
9.1135435
8.807533
9.215964
8.824502
6.6166286
5.830397
10.430915
6.703951
9.550432
9.667479
11.377608
11.157092
6.921999
7.6590896
12.311123
7.785852
8.180665
7.420044
10.572276
9.813024
11.046842
9.077788
8.441482
9.076008
6.571991
5.8333077
8.960975
7.0875106
7.4261594
9.687584
7.740496
7.722114
8.1054735
7.582358
7.795866
11.160359
6.0664105
7.2504544
7.626435
11.142287
8.760822
8.401978
5.5191283
8.372512
5.8614993
9.841025
9.420966
6.505487
9.208079
6.344089
8.436305
9.637311
7.93754
8.840579
7.3406963
6.7707825
6.090403
7.02704
11.104473
8.299386
6.870251
5.7180104
11.387324
8.596078
9.407113
12.886304
5.988587
8.708355
8.677209
9.4024105
10.710201
10.117312
8.724856
8.1888275
8.770635
7.8205104
8.327556
8.267001
7.243595
8.8765745
7.588373
5.927998
8.993404
7.703963
7.7127247
5.8552203
9.223475
10.351577
8.253105
7.4105487
8.334226
6.894446
5.223678
9.043012
8.502118
7.0983415
6.933576
6.4973874
7.1245174
5.9876747
10.94328
9.474336
8.358819
7.1166844
8.85314
4.9163156
7.3449655
5.965309
9.179387
8.01979
9.1704035
9.34549
7.7282023
5.801508
8.433944
6.0293326
7.699159
7.1402245
6.4183083
3.735345
7.845928
6.5497456
6.1191864
7.296496
5.5721893
8.446928
8.112305
7.7879834
5.9300213
6.6814513
10.073855
6.724348
8.1184635
6.286844
4.678467
5.559677
4.192188
6.6964803
7.212333
10.9105
9.212241
5.9018707
10.348203
10.367415
7.2128773
8.967972
10.043383
12.782616
6.813683
6.286953
8.587375
9.713906
7.733725
5.943861
4.7021966
8.764302
6.0765514
8.82481
4.889832
9.539627
5.1589675
10.332929
9.00678
7.4145985
6.642191
11.366956
5.7553725
8.021339
8.603348
6.6007743
8.447837
9.392708
5.8427167
9.042704
8.611616
10.643497
9.668581
5.524296
8.001607
9.381232
8.705934
5.096374
8.149473
9.173669
10.781204
6.116137
9.154062
9.604196
7.919613
6.693623
9.441759
8.819537
8.599307
7.7319126
9.916795
4.9657187
8.123973
8.429261
6.931284
9.553832
8.172202
5.840196
7.910986
7.3073654
7.768549
5.4376636
7.534308
5.7108436
8.531201
9.841722
7.0926747
6.7014985
10.875855
6.98945
7.0977764
7.154761
9.79049
7.911142
6.5455036
5.7492795
7.632192
9.962696
8.446302
8.260081
7.9562354
10.393325
7.176445
4.403563
10.225385
3.9762542
9.57019
6.8092613
5.981918
6.843312
6.328771
8.497587
7.8380036
6.146196
5.222567
9.592856
9.922265
9.10241
8.156053
8.936563
7.098469
7.692323
8.391312
5.796246
8.223651
8.146305
9.993766
6.3261285
8.5765085
8.737086
12.199374
7.761087
8.052223
7.121839
10.33736
6.2437973
8.989348
6.580958
7.211672
7.0421863
9.749711
6.9335427
8.808646
11.050731
9.885363
8.683339
7.3300242
7.7842917
8.575269
7.654228
7.755831
9.053673
8.777733
8.941968
11.4012985
9.041913
6.1492333
7.9970703
7.1530724
8.1246
8.118738
7.1472545
10.646689
7.2353406
8.108386
8.4413805
8.420674
8.456124
9.0633955
7.5595794
7.362911
8.611556
8.750435
7.229817
8.848777
9.770152
4.7403464
9.925243
3.5971682
9.238526
6.103134
6.3025575
8.893951
7.302323
6.9335856
10.8403015
9.885121
5.341324
10.562938
7.694763
3.7982213
9.699424
5.908629
6.195352
8.899523
9.287337
8.414504
11.754623
9.390658
6.521359
5.9807434
6.1528645
5.4420643
6.6347504
5.3945236
7.7852197
5.9401436
7.318258
9.544136
7.185428
6.0774703
7.468819
5.3623796
6.9881196
5.452865
6.5220437
6.8757253
6.3047543
6.234158
6.727728
5.674826
6.8028626
10.004651
6.980746
6.438209
8.988349
6.5947285
10.803535
5.4591002
5.9129767
6.507833
7.997175
4.5041513
7.781709
4.7190795
7.945421
9.11996
6.566878
6.9522786
8.814674
5.1166863
6.7190013
11.114568
8.113125
6.0557227
9.198091
9.31483
10.229861
6.0287576
7.326986
6.2616215
6.2450786
3.2380571
8.163234
8.290427
8.789805
6.9563446
4.923832
8.5874405
5.597847
7.0433598
9.979397
4.506901
5.589336
5.8523765
8.382763
8.581391
5.7499256
6.2559757
7.7416096
6.3015995
8.266047
9.914054
9.706804
7.7664776
7.7675633
7.4483733
8.65109
7.1851077
7.6577315
5.553674
9.102501
12.478436
6.024012
10.551345
6.6077313
7.557646
8.806365
8.873069
7.388441
6.4465027
7.2205944
4.7358117
7.223562
10.251972
7.732054
9.898621
8.610024
5.8470216
7.370606
9.958091
8.314821
7.4896984
7.946354
7.461109
8.144303
6.876014
9.715343
10.912586
8.486363
7.7863064
7.1545663
6.995266
6.435932
7.752338
8.052967
8.712465
8.136594
7.0101185
11.613834
9.129403
10.69709
7.7784047
10.466174
9.030858
10.197072
10.353076
8.382374
9.608621
7.201946
6.172849
10.490363
5.012689
7.6233287
3.9373496
7.686291
5.932472
5.9877954
7.601031
5.522223
5.79997
6.8195224
8.9570055
6.935325
7.076872
8.022481
6.977383
4.4981313
8.834905
8.150561
9.583907
8.0626545
8.344933
7.4458675
9.96544
5.601091
6.4174633
7.2936196
8.458974
9.214175
6.0641675
5.3293734
10.041195
7.0904727
8.108378
8.795119
8.247534
8.108003
6.4980946
8.694186
8.736384
7.1214314
7.7763786
8.579918
6.24839
6.356548
7.3521523
7.435175
9.064178
8.174684
8.549993
8.398996
5.684096
7.305132
7.1762066
9.561768
5.6001186
8.683058
9.0088825
6.9078617
5.4838653
12.088349
7.836775
6.4305882
8.775448
8.621702
7.3269296
5.5392947
7.028164
5.77218
9.700612
8.504542
7.7549243
6.6342816
9.107196
9.341204
7.2718844
9.10485
6.872152
6.654837
11.236347
9.340955
7.5291677
5.8896194
7.1961226
8.247722
9.182718
8.298465
6.840751
5.0363083
4.813135
6.5744405
8.715823
7.9358406
7.0345635
8.026891
9.470929
6.807852
7.5214
8.407772
6.996277
7.108183
5.302927
10.364905
8.783366
7.172787
7.019661
4.195624
5.8686614
5.449447
7.7125397
7.6966133
7.526417
10.438106
7.0052066
8.237226
7.8160515
7.419972
5.8313565
10.700241
8.707696
10.020146
9.558864
7.281772
7.3623147
8.067753
7.194853
7.183067
9.099348
9.402497
6.670511
7.8930173
6.9695454
7.835501
9.6429205
7.400576
9.33188
9.741927
10.86571
13.09928
7.363542
7.731699
8.776004
6.32106
8.981048
8.170622
7.145409
10.590756
7.4374366
6.109625
10.07113
10.740121
6.1212964
6.385399
9.030595
7.4177594
8.360763
6.7581754
4.9762125
10.348627
8.926856
8.664567
7.759299
6.971102
7.49573
5.8944993
8.1988325
6.0430636
6.270449
5.3746314
8.76757
6.545049
7.338789
7.100881
2.5485206
7.8944664
6.5457625
9.592342
7.4849567
4.961897
7.557574
7.752086
7.9625688
4.59256
4.80533
7.715063
6.2991424
9.557507
11.40292
10.379415
6.3956017
9.404653
8.371879
7.328264
6.0065207
8.929864
8.922366
7.315636
8.1768055
9.690373
9.534038
6.964335
12.321072
9.830121
10.390999
7.9052377
7.0650725
7.7595162
12.841675
9.388875
8.453088
5.996422
8.554605
8.528008
10.193465
8.697989
7.182244
7.9633555
10.683865
5.6762676
7.66823
7.7333198
8.908003
11.543525
9.545144
4.9685044
5.532881
6.186339
8.564975
8.518007
9.733085
7.9074464
9.52472
8.074188
10.861064
10.460242
8.216961
10.452156
8.463292
9.365483
6.9676337
8.174272
8.067856
4.986631
8.654598
7.145163
7.3342423
8.231643
8.618712
6.403315
6.8689294
7.3326707
7.3091054
6.3418565
7.1542397
9.656808
8.91396
8.014442
6.190783
5.2948217
8.688853
5.436832
7.2077103
5.2539964
9.102151
7.533259
8.68106
9.108886
6.0347104
7.364588
5.188338
6.446592
6.5577374
9.764079
9.0358515
6.968454
8.993714
7.6433997
10.853038
8.184081
8.331935
6.785664
7.3355613
6.4048533
7.96611
8.223701
7.4348598
7.3346324
6.6789036
9.486886
10.14993
7.0558205
4.7218523
5.209595
9.361652
8.366817
8.180133
10.473014
5.6166415
8.017681
8.486719
7.9179273
9.324986
4.124531
6.320126
7.6289487
6.7875767
8.256389
6.0295014
6.145884
5.9207006
7.6229916
9.499904
6.0702972
7.7414384
6.026361
6.537409
6.8379893
8.160415
8.019907
7.448322
5.572489
5.137292
8.56104
7.9361854
6.369002
6.8443847
7.0110116
5.312053
6.0257893
7.6892476
6.7006745
5.507435
8.259064
8.35587
6.3542542
7.855556
9.075892
8.256553
6.139957
9.08564
8.727656
6.346167
10.56049
7.2678075
9.444486
8.055405
8.5792055
10.469481
7.187374
7.138415
9.850926
7.15448
7.8850675
8.04058
7.473655
7.873916
6.069962
5.3391337
8.59756
8.717908
8.423879
7.3271575
9.824859
10.583991
11.379639
9.663639
6.4793277
7.200596
10.47313
6.0869365
9.593467
8.286422
10.435922
8.999316
6.3450465
6.9025803
6.9670544
5.987804
7.5592804
7.6932826
9.215901
6.1992893
9.952546
7.7677727
10.91546
7.564921
6.106213
8.526011
6.5299726
6.7706738
6.3939953
9.670619
11.468426
9.127028
5.0949497
9.208262
9.116338
8.637534
8.310124
6.45954
8.502746
7.0517445
5.8779902
9.03192
8.408067
8.833862
7.9374027
8.555765
7.0201592
8.649398
8.3276205
8.486174
5.6992307
7.0667377
7.188516
5.177137
6.901607
8.554423
8.158189
6.27694
7.062075
10.33067
6.5170503
4.3634076
8.559325
8.397166
9.418452
8.476878
4.762637
7.2018094
6.430744
8.0647955
5.8910656
10.334075
6.388271
8.737433
6.420845
8.368945
6.145758
7.9545875
7.969064
8.608373
5.245785
6.1481385
7.2766385
5.964005
6.803657
5.6387467
8.6655445
10.611578
7.044681
6.994068
7.036394
6.8907704
7.7296634
6.16815
5.536056
8.761415
4.678865
7.560889
6.0899467
8.287222
5.639833
7.8308206
6.4126625
8.208236
5.6807427
7.319242
7.5089207
8.090663
9.199227
8.184867
7.51065
7.6289344
6.9246716
7.0104995
4.5802636
8.755973
6.307939
6.522658
5.2690353
7.760063
7.485067
8.204843
4.873216
7.1596913
6.74024
8.117236
5.862297
7.937744
9.4246235
8.706479
8.984727
5.873163
7.6879826
8.574813
10.174148
5.8796086
7.763338
8.520387
3.8896897
10.842464
7.102949
8.761657
8.108617
6.484987
10.732262
8.234712
9.953807
11.258229
6.713733
10.891753
7.4752975
9.155977
9.427807
7.6430507
4.5976725
7.116293
6.7674937
6.0982156
5.6833
6.2760735
6.1916904
9.518504
7.7369266
6.236164
7.5077605
6.143643
8.372249
8.542033
9.1442995
10.007359
7.4592776
7.334711
6.1941543
8.3850975
8.173058
7.2647514
8.434283
7.5162983
7.3645597
6.258562
6.5006714
5.4355607
6.361792
7.366243
6.9315515
8.656606
11.070123
7.3618417
8.091365
8.658605
5.5847745
9.727833
7.577639
6.039637
5.4279137
9.28732
7.12941
8.055979
6.3700447
6.349833
7.101425
9.938695
10.657977
6.6809955
5.3243556
10.870076
5.728891
8.26292
7.6815495
4.8902364
8.462312
6.851807
4.5860057
9.857118
8.411577
6.8486323
7.6519413
8.85845
7.479181
6.241654
6.882675
6.975761
9.589314
9.374513
8.834861
5.6246
6.468819
7.137134
8.720511
7.357384
6.1294003
6.8836007
7.3633084
6.2045364
3.8715465
7.32373
4.5162635
4.092742
7.3163276
5.200235
4.805843
7.15544
8.552593
8.67448
4.8921185
4.699039
6.3867335
7.002276
8.345921
5.9238605
7.277296
5.5853324
9.291633
6.3811665
10.175906
8.189981
9.726092
6.392656
4.800357
7.8209624
8.087783
7.2044616
7.252865
7.2438927
6.504074
6.6757107
8.299719
6.2958007
5.0151825
6.6631017
6.6318974
8.081186
9.884868
7.777733
6.714482
4.999288
5.808023
13.535613
6.136377
8.883379
8.206784
7.6707306
10.489772
5.4541373
6.338848
6.058635
8.663083
9.365189
7.9646106
8.672459
6.5219007
5.020967
8.381831
4.8537745
7.457176
7.9135
5.7839494
7.8156943
6.5553775
8.454212
8.557015
6.6085668
7.400369
6.2274537
8.543452
8.36897
8.663032
8.158538
6.077951
8.699931
10.507844
6.8850045
5.707763
4.9295864
8.308524
7.505381
7.7544436
7.0231442
6.616854
5.6501975
4.8242407
9.069965
7.2329335
8.241252
6.7170167
8.514282
8.955335
7.7519455
5.6544456
7.5085206
6.627329
7.525591
5.5924916
8.87017
8.305347
7.231644
9.212953
6.539531
6.909577
9.57415
5.5394416
7.816423
7.3599896
6.506346
6.9194393
10.015694
10.573687
6.2825065
7.3577423
9.083874
5.3489194
8.712269
5.599108
5.717733
8.355872
7.560932
6.732544
7.1374726
4.572254
7.0774903
6.348252
9.054023
6.7260814
4.873443
4.1498947
6.8333516
7.9094067
9.215848
6.5615287
6.7656436
10.900565
7.154293
6.4068775
10.671394
9.428084
13.445186
8.692333
8.424169
7.9237766
5.603085
6.6163163
7.240656
8.478274
6.943998
10.725518
6.611529
8.149599
8.298697
6.236984
7.6440673
9.585016
7.0665393
6.3073583
8.224316
10.418519
8.227117
6.7436786
7.966927
9.039527
10.241548
8.665213
8.740153
7.8777347
6.4892993
9.296712
4.231114
5.7671275
9.220438
8.252238
10.865598
5.843258
6.758371
5.747582
5.8039837
4.727261
5.802324
7.269585
5.749554
4.361363
5.924091
7.174732
6.4279633
6.061455
7.576387
6.184196
7.10717
5.127025
8.575126
6.9247413
5.7017365
7.4610515
7.735049
5.4056497
7.5216255
5.6162705
7.8138223
8.840642
6.465322
4.9178224
5.759287
4.2596545
5.6088486
6.6802363
8.187869
5.3739333
7.713186
7.0636563
5.447149
8.047523
7.8324895
6.269407
8.122436
8.894714
6.899847
7.311941
8.823109
5.9372916
6.5668545
8.474679
8.210757
6.033109
7.767322
7.8589973
6.67692
4.1921897
9.831075
5.714314
10.178582
6.6719117
6.0184035
7.371885
6.6414266
7.488533
8.47356
5.4955115
6.6338806
5.679543
10.495323
7.069487
8.151235
7.906696
6.167782
6.371061
8.926187
4.9890513
9.41361
7.500116
8.48081
8.788749
8.527003
5.0463023
7.849716
6.9446797
4.9809585
5.5546613
6.4503665
6.0283723
4.9209785
7.386171
6.5059266
5.761373
8.381881
5.7517858
6.7955093
5.022892
4.561888
8.364751
6.1433487
7.101244
8.763665
7.5457745
9.361998
10.195315
5.2755847
7.581244
7.272204
4.517428
7.8477445
7.7608047
6.8580384
9.009591
4.2151465
7.5348754
4.6964736
5.941365
7.2614574
6.407927
7.4025187
5.1585317
6.805219
8.088428
8.059581
5.6941056
10.81854
7.2986317
6.7259526
6.8684707
5.1428533
6.5225415
5.6934586
9.578447
6.616001
6.801827
7.0625987
5.3360114
7.2717204
6.5671973
9.0623
7.923668
10.58347
6.301683
8.643956
6.2594705
8.437745
6.5277696
11.571086
10.444005
7.698892
9.217908
7.057223
7.491035
7.005974
10.310733
10.099217
6.239061
11.100156
5.996428
9.088128
7.9224052
5.2245264
7.8300285
8.92356
6.630838
5.5215135
8.27679
6.800941
8.054158
7.428554
5.1784525
13.345647
7.103354
7.5502124
8.803572
10.499822
7.201154
6.5119553
5.4219017
6.722709
6.181687
5.9361176
8.525144
8.337253
5.817451
5.7748523
8.110715
6.435371
7.9341106
7.567476
8.972389
8.673741
5.229699
7.660568
7.789539
4.4541516
11.627712
7.9599156
4.3808475
7.858839
6.124649
8.165862
7.925842
5.80063
4.6880126
7.3643155
5.7811546
9.632193
7.792362
5.473307
8.966427
9.786988
6.9971604
6.449363
6.8356876
7.7383676
4.2262177
7.9916496
8.447046
7.0860887
7.060511
7.4371686
4.1651783
6.2226663
7.9160905
9.774651
8.863842
6.8397007
8.144599
8.763967
10.908338
7.9696565
5.7366505
8.153285
8.211508
8.410008
8.511285
5.1610026
8.100812
5.8936577
9.257704
9.332402
8.758934
6.106835
8.698443
10.418455
7.954763
4.6824656
6.690273
5.860176
6.0644784
8.0917225
8.34823
8.336229
7.006455
6.561993
6.661364
9.438497
7.0247808
6.8389525
4.943376
7.3549256
4.9009485
6.1393943
4.908188
6.586736
7.3952956
7.524409
6.081112
7.748386
8.133304
9.083459
5.0160055
8.670539
7.2701454
7.5081553
5.7422156
4.754391
6.8889966
6.4266243
6.2007155
5.2368426
8.7888
9.372422
9.239897
6.57274
9.746802
9.008726
7.4202685
7.1842575
6.3667073
8.810761
8.013207
5.939675
4.985426
6.70245
7.2689185
7.333424
6.3353443
3.748202
6.6522446
9.100253
7.5661488
6.2908306
7.340069
8.328537
7.161743
5.4234977
7.6784577
7.390097
7.231898
6.615429
5.6103854
8.383629
5.0781217
7.035717
8.214019
6.466041
7.768509
8.412304
6.744787
5.7506013
9.964363
5.4236474
6.87628
8.079347
8.024804
8.823285
7.95783
5.107183
4.8527527
6.7734895
6.89364
8.124523
8.160065
10.708076
7.3545213
6.1540685
4.8288155
5.800373
6.8385434
8.022231
6.0503306
7.308104
8.059239
9.426601
6.2772737
5.482321
6.484757
5.153582
6.8221307
9.728961
8.544229
7.97479
8.85457
8.744095
9.533597
9.144647
7.52033
7.9443264
7.022909
9.994883
8.493254
7.6572
7.0592036
9.593721
6.561777
7.8660717
7.7446365
9.849956
7.1856923
7.072435
9.379153
7.853106
6.2542706
6.941938
10.285274
8.713561
7.3379784
6.0857396
5.72123
6.4760375
7.909435
6.269182
9.359771
6.4481406
7.780639
8.074803
7.6913533
8.467596
8.572789
10.408041
7.5130177
8.303391
6.842999
6.6323447
8.228114
5.1421804
4.817253
9.979796
7.6633663
6.9332275
4.2403126
10.094059
9.2455845
10.451527
7.0509353
6.67347
5.8960786
7.9092674
5.9051595
7.2147965
8.511823
6.7797394
7.882794
6.193129
6.991733
11.0930395
7.062323
8.717251
8.652425
9.211658
5.478716
7.9819145
7.443882
6.3080926
9.099094
7.8842144
7.588906
10.708626
4.6715126
8.343682
9.471059
4.5683
6.6000824
8.088216
9.727772
7.212871
7.47755
9.8789215
7.025556
10.09762
9.409918
6.224165
7.4485726
6.153198
10.831261
6.312471
7.590775
4.842371
6.062504
5.696516
6.1855183
6.81152
8.229313
6.6261306
8.645835
10.209548
4.6608973
9.028441
6.732862
10.001764
8.988861
8.458696
5.1907687
7.5510745
5.719337
8.265197
6.65659
13.003494
9.024528
8.018001
9.179479
6.9516945
8.905044
10.668194
7.7423935
6.477985
5.471688
6.3699226
7.2291703
12.081733
6.192043
9.179745
6.6642995
7.321909
8.161315
6.5633693
8.439573
8.532437
7.863638
8.026235
8.6385975
6.664957
5.798376
7.985251
9.208058
7.721002
5.1894126
6.311032
6.0717597
5.810908
7.9899735
7.5720315
9.811607
6.3806386
7.1946874
8.176082
7.3052273
9.750972
7.3351703
7.8430786
5.9637065
7.992412
7.098173
6.376662
8.787822
9.670905
8.552064
7.189846
5.8633037
5.243713
7.470129
10.457294
8.940278
5.649201
7.711452
7.8121877
8.784969
8.89184
8.193049
7.096258
7.612884
9.534195
6.323524
6.611756
7.709928
6.992197
7.83991
6.2252445
8.074777
10.007425
6.5531354
7.3869395
6.897308
8.289373
10.213047
6.0150437
7.9494057
7.5191855
8.21354
8.761707
6.1242576
11.838279
6.5814004
5.907131
8.358377
8.125784
7.021421
4.803783
5.495357
9.805493
9.461015
7.403635
5.319942
6.280186
7.045748
7.3554535
11.357227
8.304315
11.231926
9.440176
10.072609
8.204652
6.2329583
8.162206
8.416259
7.676506
6.4521565
10.558716
10.169197
6.09116
9.097825
8.722428
7.1928697
7.844462
6.8844523
8.244672
8.467343
7.703008
8.630208
7.8710256
7.967937
7.9281926
6.0920596
9.455722
7.6507907
8.361365
9.062897
6.0821705
6.7840877
9.89096
9.450743
8.627411
5.3784156
6.952666
6.457768
